0.02350000	0.02978516	0.00154408
0.02380000	0.02880859	0.00154408
0.02410000	0.02490234	0.00154408
0.02440000	0.02294922	0.00235862
0.02470000	0.01953125	0.00000000
0.02500000	0.01904297	0.00154408
0.02530000	0.01464844	0.00000000
0.02560000	0.01464844	0.00000000
0.02590000	0.01220703	0.00257347
0.02620000	0.01074219	0.00205877
0.02650000	0.00976562	0.00000000
0.02680000	0.01074219	0.00205877
0.02710000	0.01269531	0.00252147
0.02740000	0.01464844	0.00000000
0.02770000	0.01513672	0.00154408
0.02800000	0.01953125	0.00000000
0.02830000	0.02050781	0.00205877
0.02860000	0.02441406	0.00000000
0.02890000	0.02929687	0.00000000
0.02920000	0.03417969	0.00000000
0.02950000	0.03857422	0.00154408
0.02980000	0.04345703	0.00154408
0.03010000	0.04736328	0.00235862
0.03040000	0.05224609	0.00235862
0.03070000	0.05419922	0.00154408
0.03100000	0.05859375	0.00000000
0.03130000	0.06298828	0.00154408
0.03160000	0.06347656	0.00000000
0.03190000	0.06347656	0.00000000
0.03220000	0.06542969	0.00252147
0.03250000	0.06494141	0.00235862
0.03280000	0.06347656	0.00000000
0.03310000	0.06347656	0.00000000
0.03340000	0.05859375	0.00000000
0.03370000	0.05810547	0.00154408
0.03400000	0.05371094	0.00000000
0.03430000	0.04882812	0.00000000
0.03460000	0.04394531	0.00000000
0.03490000	0.03906250	0.00000000
0.03520000	0.03417969	0.00000000
0.03550000	0.02929687	0.00000000
0.03580000	0.02441406	0.00000000
0.03610000	0.01953125	0.00000000
0.03640000	0.01611328	0.00235862
0.03670000	0.01464844	0.00000000
0.03700000	0.01171875	0.00252147
0.03730000	0.01025391	0.00154408
0.03760000	0.01318359	0.00235862
0.03790000	0.01464844	0.00000000
0.03820000	0.01904297	0.00154408
0.03850000	0.02392578	0.00154408
0.03880000	0.02929687	0.00000000
0.03910000	0.03515625	0.00205877
0.03940000	0.04443359	0.00154408
0.03970000	0.05712891	0.00235862
0.04000000	0.06835937	0.00000000
0.04030000	0.07812500	0.00000000
0.04060000	0.09277344	0.00000000
0.04090000	0.10302734	0.00154408
0.04120000	0.11669922	0.00154408
0.04150000	0.12695312	0.00000000
0.04180000	0.13769531	0.00205877
0.04210000	0.14648437	0.00000000
0.04240000	0.15625000	0.00000000
0.04270000	0.16162109	0.00154408
0.04300000	0.16650391	0.00154408
0.04330000	0.17041016	0.00154408
0.04360000	0.16845703	0.00257347
0.04390000	0.16601562	0.00000000
0.04420000	0.16113281	0.00000000
0.04450000	0.15136719	0.00000000
0.04480000	0.14160156	0.00000000
0.04510000	0.12939453	0.00257347
0.04540000	0.11669922	0.00154408
0.04570000	0.09814453	0.00154408
0.04600000	0.08300781	0.00000000
0.04630000	0.06738281	0.00205877
0.04660000	0.05126953	0.00257347
0.04690000	0.03808594	0.00205877
0.04720000	0.02441406	0.00000000
0.04750000	0.01513672	0.00154408
0.04780000	0.00976562	0.00000000
0.04810000	0.00976562	0.00000000
0.04840000	0.01513672	0.00154408
0.04870000	0.02783203	0.00235862
0.04900000	0.04882812	0.00000000
0.04930000	0.07617187	0.00252147
0.04960000	0.11230469	0.00000000
0.04990000	0.15625000	0.00000000
0.05020000	0.20996094	0.00000000
0.05050000	0.27783203	0.00154408
0.05080000	0.35595703	0.00154408
0.05110000	0.44384766	0.00154408
0.05140000	0.53857422	0.00235862
0.05170000	0.64111328	0.00235862
0.05200000	0.75781250	0.00205877
0.05230000	0.88867187	0.00000000
0.05260000	1.02539062	0.00000000
0.05290000	1.16699219	0.00000000
0.05320000	1.30859375	0.00000000
0.05350000	1.46142578	0.00235862
0.05380000	1.62597656	0.00000000
0.05410000	1.79199219	0.00000000
0.05440000	1.95312500	0.00000000
0.05470000	2.10937500	0.00000000
0.05500000	2.26220703	0.00235862
0.05530000	2.42089844	0.00205877
0.05560000	2.57812500	0.00000000
0.05590000	2.71972656	0.00000000
0.05620000	2.85156250	0.00000000
0.05650000	2.96386719	0.00000000
0.05680000	3.07617187	0.00000000
0.05710000	3.17871094	0.00000000
0.05740000	3.26464844	0.00252147
0.05770000	3.33007812	0.00000000
0.05800000	3.37890625	0.00000000
0.05830000	3.41162109	0.00235862
0.05860000	3.42773437	0.00000000
0.05890000	3.42675781	0.00205877
0.05920000	3.40820312	0.00000000
0.05950000	3.37402344	0.00000000
0.05980000	3.32177734	0.00235862
0.06010000	3.25439453	0.00257347
0.06040000	3.16406250	0.00000000
0.06070000	3.06152344	0.00000000
0.06100000	2.95849609	0.00154408
0.06130000	2.83691406	0.00000000
0.06160000	2.70214844	0.00252147
0.06190000	2.55371094	0.00000000
0.06220000	2.40234375	0.00000000
0.06250000	2.25097656	0.00000000
0.06280000	2.09912109	0.00154408
0.06310000	1.93359375	0.00000000
0.06340000	1.76757812	0.00000000
0.06370000	1.60253906	0.00205877
0.06400000	1.44531250	0.00000000
0.06430000	1.29394531	0.00000000
0.06460000	1.14746094	0.00000000
0.06490000	1.00097656	0.00000000
0.06520000	0.86474609	0.00154408
0.06550000	0.73730469	0.00000000
0.06580000	0.62500000	0.00000000
0.06610000	0.52246094	0.00000000
0.06640000	0.42480469	0.00000000
0.06670000	0.33691406	0.00000000
0.06700000	0.26367187	0.00000000
0.06730000	0.20068359	0.00154408
0.06760000	0.15039062	0.00205877
0.06790000	0.10693359	0.00154408
0.06820000	0.07080078	0.00257347
0.06850000	0.04443359	0.00154408
0.06880000	0.02832031	0.00205877
0.06910000	0.01904297	0.00154408
0.06940000	0.01416016	0.00154408
0.06970000	0.01464844	0.00000000
0.07000000	0.01953125	0.00000000
0.07030000	0.02929687	0.00000000
0.07060000	0.04345703	0.00154408
0.07090000	0.05712891	0.00235862
0.07120000	0.07324219	0.00000000
0.07150000	0.08789062	0.00000000
0.07180000	0.10693359	0.00154408
0.07210000	0.12207031	0.00000000
0.07240000	0.13623047	0.00154408
0.07270000	0.14941406	0.00252147
0.07300000	0.16113281	0.00000000
0.07330000	0.16699219	0.00205877
0.07360000	0.17333984	0.00257347
0.07390000	0.17578125	0.00000000
0.07420000	0.17578125	0.00000000
0.07450000	0.17480469	0.00205877
0.07480000	0.17041016	0.00154408
0.07510000	0.16113281	0.00000000
0.07540000	0.15527344	0.00205877
0.07570000	0.14550781	0.00205877
0.07600000	0.13232422	0.00154408
0.07630000	0.12158203	0.00154408
0.07660000	0.10742187	0.00000000
0.07690000	0.09570312	0.00252147
0.07720000	0.08300781	0.00000000
0.07750000	0.07226562	0.00205877
0.07780000	0.05859375	0.00000000
0.07810000	0.04882812	0.00000000
0.07840000	0.03906250	0.00000000
0.07870000	0.03369141	0.00154408
0.07900000	0.02441406	0.00000000
0.07930000	0.01953125	0.00000000
0.07960000	0.01464844	0.00000000
0.07990000	0.01074219	0.00205877
0.08020000	0.00976562	0.00000000
0.08050000	0.00976562	0.00000000
0.08080000	0.01367187	0.00205877
0.08110000	0.01464844	0.00000000
0.08140000	0.01953125	0.00000000
0.08170000	0.02441406	0.00000000
0.08200000	0.02929687	0.00000000
0.08230000	0.03564453	0.00235862
0.08260000	0.04296875	0.00205877
0.08290000	0.04785156	0.00205877
0.08320000	0.05371094	0.00000000
0.08350000	0.05859375	0.00000000
0.08380000	0.06201172	0.00235862
0.08410000	0.06347656	0.00000000
0.08440000	0.06787109	0.00154408
0.08470000	0.06787109	0.00154408
0.08500000	0.06835937	0.00000000
0.08530000	0.06835937	0.00000000
0.08560000	0.06835937	0.00000000
0.08590000	0.06787109	0.00154408
0.08620000	0.06347656	0.00000000
0.08650000	0.06152344	0.00252147
0.08680000	0.05859375	0.00000000
0.08710000	0.05371094	0.00000000
0.08740000	0.04882812	0.00000000
0.08770000	0.04394531	0.00000000
0.08800000	0.03906250	0.00000000
0.08830000	0.03515625	0.00205877
0.08860000	0.03027344	0.00205877
0.08890000	0.02880859	0.00154408
0.08920000	0.02441406	0.00000000
0.08950000	0.01953125	0.00000000
0.08980000	0.01855469	0.00205877
0.09010000	0.01513672	0.00154408
0.09040000	0.01464844	0.00000000
0.09070000	0.01416016	0.00154408
0.09100000	0.01171875	0.00252147
0.09130000	0.01318359	0.00235862
0.09160000	0.01416016	0.00154408
0.09190000	0.01464844	0.00000000
0.09220000	0.01464844	0.00000000
0.09250000	0.01757812	0.00252147
0.09280000	0.01953125	0.00000000
0.09310000	0.02343750	0.00205877
0.09340000	0.02441406	0.00000000
