0.03550000	0.00000000	0.00000000
0.03570000	0.00000000	0.00000000
0.03590000	0.00341797	0.00235862
0.03610000	0.00488281	0.00000000
0.03630000	0.00537109	0.00154408
0.03650000	0.00976562	0.00000000
0.03670000	0.00976562	0.00000000
0.03690000	0.01416016	0.00154408
0.03710000	0.01513672	0.00154408
0.03730000	0.01953125	0.00000000
0.03750000	0.01953125	0.00000000
0.03770000	0.02392578	0.00154408
0.03790000	0.02441406	0.00000000
0.03810000	0.02441406	0.00000000
0.03830000	0.02490234	0.00154408
0.03850000	0.02441406	0.00000000
0.03870000	0.02441406	0.00000000
0.03890000	0.02490234	0.00154408
0.03910000	0.02441406	0.00000000
0.03930000	0.02246094	0.00252147
0.03950000	0.01953125	0.00000000
0.03970000	0.01806641	0.00235862
0.03990000	0.01464844	0.00000000
0.04010000	0.01171875	0.00252147
0.04030000	0.00976562	0.00000000
0.04050000	0.00537109	0.00154408
0.04070000	0.00488281	0.00000000
0.04090000	0.00195312	0.00252147
0.04110000	0.00000000	0.00000000
0.04130000	0.00000000	0.00000000
0.04150000	0.00000000	0.00000000
0.04170000	0.00000000	0.00000000
0.04190000	0.00048828	0.00154408
0.04210000	0.00488281	0.00000000
0.04230000	0.00585937	0.00205877
0.04250000	0.00976562	0.00000000
0.04270000	0.01464844	0.00000000
0.04290000	0.01953125	0.00000000
0.04310000	0.02441406	0.00000000
0.04330000	0.02929687	0.00000000
0.04350000	0.03417969	0.00000000
0.04370000	0.03857422	0.00154408
0.04390000	0.04296875	0.00205877
0.04410000	0.04443359	0.00154408
0.04430000	0.04882812	0.00000000
0.04450000	0.04931641	0.00154408
0.04470000	0.05273437	0.00205877
0.04490000	0.05273437	0.00205877
0.04510000	0.04980469	0.00205877
0.04530000	0.04882812	0.00000000
0.04550000	0.04394531	0.00000000
0.04570000	0.04296875	0.00205877
0.04590000	0.03857422	0.00154408
0.04610000	0.03320312	0.00205877
0.04630000	0.02685547	0.00257347
0.04650000	0.01953125	0.00000000
0.04670000	0.01464844	0.00000000
0.04690000	0.00976562	0.00000000
0.04710000	0.00634766	0.00235862
0.04730000	0.00488281	0.00000000
0.04750000	0.00048828	0.00154408
0.04770000	0.00000000	0.00000000
0.04790000	0.00195312	0.00252147
0.04810000	0.00488281	0.00000000
0.04830000	0.00976562	0.00000000
0.04850000	0.01513672	0.00154408
0.04870000	0.02441406	0.00000000
0.04890000	0.03417969	0.00000000
0.04910000	0.04394531	0.00000000
0.04930000	0.05810547	0.00154408
0.04950000	0.07177734	0.00235862
0.04970000	0.08300781	0.00000000
0.04990000	0.09765625	0.00000000
0.05010000	0.11132812	0.00205877
0.05030000	0.12207031	0.00000000
0.05050000	0.13183594	0.00000000
0.05070000	0.14160156	0.00000000
0.05090000	0.14648437	0.00000000
0.05110000	0.15136719	0.00000000
0.05130000	0.15136719	0.00000000
0.05150000	0.14648437	0.00000000
0.05170000	0.14160156	0.00000000
0.05190000	0.13183594	0.00000000
0.05210000	0.12207031	0.00000000
0.05230000	0.10742187	0.00000000
0.05250000	0.09277344	0.00000000
0.05270000	0.07568359	0.00257347
0.05290000	0.05859375	0.00000000
0.05310000	0.03955078	0.00154408
0.05330000	0.02441406	0.00000000
0.05350000	0.01416016	0.00154408
0.05370000	0.00488281	0.00000000
0.05390000	0.00000000	0.00000000
0.05410000	0.00390625	0.00205877
0.05430000	0.01464844	0.00000000
0.05450000	0.03417969	0.00000000
0.05470000	0.06347656	0.00000000
0.05490000	0.10253906	0.00000000
0.05510000	0.15576172	0.00154408
0.05530000	0.21630859	0.00235862
0.05550000	0.29296875	0.00000000
0.05570000	0.38574219	0.00000000
0.05590000	0.49316406	0.00000000
0.05610000	0.61474609	0.00154408
0.05630000	0.74658203	0.00154408
0.05650000	0.88378906	0.00000000
0.05670000	1.03027344	0.00000000
0.05690000	1.18603516	0.00154408
0.05710000	1.35205078	0.00154408
0.05730000	1.52832031	0.00000000
0.05750000	1.71386719	0.00000000
0.05770000	1.89453125	0.00000000
0.05790000	2.07519531	0.00000000
0.05810000	2.24609375	0.00000000
0.05830000	2.40673828	0.00154408
0.05850000	2.56347656	0.00000000
0.05870000	2.70996094	0.00000000
0.05890000	2.85156250	0.00000000
0.05910000	2.97412109	0.00154408
0.05930000	3.08105469	0.00000000
0.05950000	3.16699219	0.00252147
0.05970000	3.22753906	0.00000000
0.05990000	3.27636719	0.00000000
0.06010000	3.29638672	0.00154408
0.06030000	3.29736328	0.00235862
0.06050000	3.27490234	0.00235862
0.06070000	3.23193359	0.00154408
0.06090000	3.16796875	0.00205877
0.06110000	3.08105469	0.00230178
0.06130000	2.98681641	0.00235862
0.06150000	2.87304687	0.00252147
0.06170000	2.73925781	0.00000000
0.06190000	2.59570312	0.00252147
0.06210000	2.42626953	0.00154408
0.06230000	2.25097656	0.00000000
0.06250000	2.07519531	0.00000000
0.06270000	1.89941406	0.00000000
0.06290000	1.72363281	0.00000000
0.06310000	1.55761719	0.00000000
0.06330000	1.38671875	0.00000000
0.06350000	1.21093750	0.00000000
0.06370000	1.04443359	0.00154408
0.06390000	0.88867187	0.00000000
0.06410000	0.74218750	0.00000000
0.06430000	0.61328125	0.00252147
0.06450000	0.49462891	0.00235862
0.06470000	0.39062500	0.00000000
0.06490000	0.30273437	0.00000000
0.06510000	0.22460937	0.00000000
0.06530000	0.15673828	0.00154408
0.06550000	0.10400391	0.00235862
0.06570000	0.06347656	0.00000000
0.06590000	0.03417969	0.00000000
0.06610000	0.01464844	0.00000000
0.06630000	0.00488281	0.00000000
0.06650000	0.00390625	0.00205877
0.06670000	0.00878906	0.00205877
0.06690000	0.01806641	0.00235862
0.06710000	0.02978516	0.00154408
0.06730000	0.04833984	0.00154408
0.06750000	0.06542969	0.00252147
0.06770000	0.08300781	0.00000000
0.06790000	0.09960937	0.00252147
0.06810000	0.11621094	0.00205877
0.06830000	0.13183594	0.00000000
0.06850000	0.14160156	0.00000000
0.06870000	0.15136719	0.00000000
0.06890000	0.15625000	0.00000000
0.06910000	0.16015625	0.00205877
0.06930000	0.15673828	0.00154408
0.06950000	0.15625000	0.00000000
0.06970000	0.14746094	0.00205877
0.06990000	0.14111328	0.00154408
0.07010000	0.12792969	0.00205877
0.07030000	0.11669922	0.00154408
0.07050000	0.10253906	0.00000000
0.07070000	0.08789062	0.00000000
0.07090000	0.07470703	0.00235862
0.07110000	0.06298828	0.00154408
0.07130000	0.04882812	0.00000000
0.07150000	0.03613281	0.00252147
0.07170000	0.02441406	0.00000000
0.07190000	0.01757812	0.00252147
0.07210000	0.00976562	0.00000000
0.07230000	0.00488281	0.00000000
0.07250000	0.00390625	0.00205877
0.07270000	0.00097656	0.00205877
0.07290000	0.00341797	0.00235862
0.07310000	0.00488281	0.00000000
0.07330000	0.00927734	0.00154408
0.07350000	0.01416016	0.00154408
0.07370000	0.01904297	0.00154408
0.07390000	0.02441406	0.00000000
0.07410000	0.02929687	0.00000000
0.07430000	0.03515625	0.00205877
0.07450000	0.04296875	0.00205877
0.07470000	0.04736328	0.00235862
0.07490000	0.05273437	0.00205877
0.07510000	0.05371094	0.00000000
0.07530000	0.05810547	0.00154408
0.07550000	0.05761719	0.00205877
0.07570000	0.05810547	0.00154408
0.07590000	0.05712891	0.00235862
0.07610000	0.05371094	0.00000000
0.07630000	0.04980469	0.00205877
0.07650000	0.04785156	0.00205877
0.07670000	0.04248047	0.00235862
0.07690000	0.03857422	0.00154408
0.07710000	0.03320312	0.00205877
0.07730000	0.02734375	0.00252147
0.07750000	0.02001953	0.00154408
0.07770000	0.01562500	0.00205877
0.07790000	0.01171875	0.00252147
0.07810000	0.00927734	0.00154408
0.07830000	0.00488281	0.00000000
0.07850000	0.00341797	0.00235862
0.07870000	0.00000000	0.00000000
0.07890000	0.00000000	0.00000000
0.07910000	0.00000000	0.00000000
0.07930000	0.00048828	0.00154408
0.07950000	0.00390625	0.00205877
0.07970000	0.00488281	0.00000000
0.07990000	0.00878906	0.00205877
0.08010000	0.00976562	0.00000000
0.08030000	0.01464844	0.00000000
0.08050000	0.01611328	0.00235862
0.08070000	0.01953125	0.00000000
0.08090000	0.02392578	0.00154408
0.08110000	0.02441406	0.00000000
0.08130000	0.02636719	0.00252147
0.08150000	0.02880859	0.00154408
0.08170000	0.02929687	0.00000000
0.08190000	0.02929687	0.00000000
0.08210000	0.02929687	0.00000000
0.08230000	0.02929687	0.00000000
0.08250000	0.02734375	0.00252147
0.08270000	0.02441406	0.00000000
0.08290000	0.02392578	0.00154408
0.08310000	0.02001953	0.00154408
0.08330000	0.01904297	0.00154408
0.08350000	0.01464844	0.00000000
0.08370000	0.01367187	0.00205877
0.08390000	0.00976562	0.00000000
0.08410000	0.00830078	0.00235862
0.08430000	0.00488281	0.00000000
0.08450000	0.00439453	0.00154408
0.08470000	0.00097656	0.00205877
0.08490000	0.00000000	0.00000000
0.08510000	0.00000000	0.00000000
0.08530000	0.00000000	0.00000000
0.08550000	0.00000000	0.00000000
