0,02350000	0,00488281	0,00000000
0,02380000	0,00488281	0,00000000
0,02410000	0,00488281	0,00000000
0,02440000	0,00341797	0,00235862
0,02470000	0,00097656	0,00205877
0,02500000	0,00000000	0,00000000
0,02530000	0,00000000	0,00000000
0,02560000	0,00000000	0,00000000
0,02590000	0,00000000	0,00000000
0,02620000	0,00000000	0,00000000
0,02650000	0,00000000	0,00000000
0,02680000	0,00000000	0,00000000
0,02710000	0,00000000	0,00000000
0,02740000	0,00048828	0,00154408
0,02770000	0,00048828	0,00154408
0,02800000	0,00439453	0,00154408
0,02830000	0,00488281	0,00000000
0,02860000	0,00488281	0,00000000
0,02890000	0,00878906	0,00205877
0,02920000	0,00976562	0,00000000
0,02950000	0,00976562	0,00000000
0,02980000	0,01416016	0,00154408
0,03010000	0,01464844	0,00000000
0,03040000	0,01513672	0,00154408
0,03070000	0,01757812	0,00252147
0,03100000	0,01855469	0,00205877
0,03130000	0,01904297	0,00154408
0,03160000	0,01953125	0,00000000
0,03190000	0,01904297	0,00154408
0,03220000	0,01904297	0,00154408
0,03250000	0,01904297	0,00154408
0,03280000	0,01757812	0,00252147
0,03310000	0,01611328	0,00235862
0,03340000	0,01464844	0,00000000
0,03370000	0,01464844	0,00000000
0,03400000	0,01269531	0,00252147
0,03430000	0,00976562	0,00000000
0,03460000	0,00927734	0,00154408
0,03490000	0,00537109	0,00154408
0,03520000	0,00488281	0,00000000
0,03550000	0,00488281	0,00000000
0,03580000	0,00000000	0,00000000
0,03610000	0,00000000	0,00000000
0,03640000	0,00000000	0,00000000
0,03670000	0,00000000	0,00000000
0,03700000	0,00000000	0,00000000
0,03730000	0,00000000	0,00000000
0,03760000	0,00244141	0,00257347
0,03790000	0,00488281	0,00000000
0,03820000	0,00537109	0,00154408
0,03850000	0,00878906	0,00205877
0,03880000	0,00976562	0,00000000
0,03910000	0,01464844	0,00000000
0,03940000	0,01806641	0,00235862
0,03970000	0,02197266	0,00257347
0,04000000	0,02587891	0,00235862
0,04030000	0,02929687	0,00000000
0,04060000	0,03417969	0,00000000
0,04090000	0,03906250	0,00000000
0,04120000	0,04394531	0,00000000
0,04150000	0,04638672	0,00257347
0,04180000	0,04882812	0,00000000
0,04210000	0,05078125	0,00252147
0,04240000	0,05371094	0,00000000
0,04270000	0,05371094	0,00000000
0,04300000	0,05371094	0,00000000
0,04330000	0,05371094	0,00000000
0,04360000	0,05322266	0,00154408
0,04390000	0,04882812	0,00000000
0,04420000	0,04687500	0,00252147
0,04450000	0,04296875	0,00205877
0,04480000	0,03808594	0,00205877
0,04510000	0,03369141	0,00154408
0,04540000	0,02832031	0,00205877
0,04570000	0,02050781	0,00205877
0,04600000	0,01513672	0,00154408
0,04630000	0,00976562	0,00000000
0,04660000	0,00732422	0,00257347
0,04690000	0,00439453	0,00154408
0,04720000	0,00000000	0,00000000
0,04750000	0,00000000	0,00000000
0,04780000	0,00000000	0,00000000
0,04810000	0,00488281	0,00000000
0,04840000	0,00976562	0,00000000
0,04870000	0,01757812	0,00252147
0,04900000	0,02929687	0,00000000
0,04930000	0,04296875	0,00205877
0,04960000	0,05859375	0,00000000
0,04990000	0,07812500	0,00000000
0,05020000	0,10253906	0,00000000
0,05050000	0,13183594	0,00000000
0,05080000	0,16113281	0,00000000
0,05110000	0,19873047	0,00235862
0,05140000	0,23437500	0,00000000
0,05170000	0,27490234	0,00235862
0,05200000	0,31982422	0,00257347
0,05230000	0,36865234	0,00257347
0,05260000	0,41943359	0,00154408
0,05290000	0,46875000	0,00000000
0,05320000	0,52246094	0,00000000
0,05350000	0,57568359	0,00154408
0,05380000	0,62988281	0,00000000
0,05410000	0,68798828	0,00154408
0,05440000	0,74218750	0,00000000
0,05470000	0,79101562	0,00000000
0,05500000	0,84179687	0,00252147
0,05530000	0,89208984	0,00235862
0,05560000	0,93750000	0,00000000
0,05590000	0,98242187	0,00205877
0,05620000	1,02050781	0,00000000
0,05650000	1,05468750	0,00000000
0,05680000	1,08886719	0,00000000
0,05710000	1,11328125	0,00000000
0,05740000	1,13281250	0,00000000
0,05770000	1,14746094	0,00000000
0,05800000	1,15283203	0,00154408
0,05830000	1,15625000	0,00205877
0,05860000	1,15234375	0,00000000
0,05890000	1,14257812	0,00000000
0,05920000	1,12792969	0,00000000
0,05950000	1,10742187	0,00205877
0,05980000	1,08398437	0,00000000
0,06010000	1,04980469	0,00000000
0,06040000	1,01074219	0,00000000
0,06070000	0,97070312	0,00205877
0,06100000	0,92724609	0,00154408
0,06130000	0,88378906	0,00000000
0,06160000	0,83496094	0,00000000
0,06190000	0,78125000	0,00000000
0,06220000	0,72705078	0,00154408
0,06250000	0,67382812	0,00000000
0,06280000	0,62011719	0,00000000
0,06310000	0,56640625	0,00000000
0,06340000	0,50830078	0,00154408
0,06370000	0,45410156	0,00000000
0,06400000	0,40527344	0,00000000
0,06430000	0,35693359	0,00154408
0,06460000	0,31250000	0,00000000
0,06490000	0,26855469	0,00000000
0,06520000	0,22460937	0,00000000
0,06550000	0,18847656	0,00252147
0,06580000	0,15625000	0,00000000
0,06610000	0,12695312	0,00000000
0,06640000	0,09765625	0,00000000
0,06670000	0,07470703	0,00235862
0,06700000	0,05566406	0,00252147
0,06730000	0,03906250	0,00000000
0,06760000	0,02587891	0,00235862
0,06790000	0,01611328	0,00235862
0,06820000	0,00976562	0,00000000
0,06850000	0,00488281	0,00000000
0,06880000	0,00048828	0,00154408
0,06910000	0,00000000	0,00000000
0,06940000	0,00292969	0,00252147
0,06970000	0,00488281	0,00000000
0,07000000	0,00976562	0,00000000
0,07030000	0,01464844	0,00000000
0,07060000	0,01953125	0,00000000
0,07090000	0,02441406	0,00000000
0,07120000	0,02929687	0,00000000
0,07150000	0,03417969	0,00000000
0,07180000	0,03906250	0,00000000
0,07210000	0,04394531	0,00000000
0,07240000	0,04882812	0,00000000
0,07270000	0,05371094	0,00000000
0,07300000	0,05371094	0,00000000
0,07330000	0,05615234	0,00257347
0,07360000	0,05761719	0,00205877
0,07390000	0,05712891	0,00235862
0,07420000	0,05468750	0,00205877
0,07450000	0,05371094	0,00000000
0,07480000	0,04882812	0,00000000
0,07510000	0,04785156	0,00205877
0,07540000	0,04394531	0,00000000
0,07570000	0,03906250	0,00000000
0,07600000	0,03466797	0,00154408
0,07630000	0,02978516	0,00154408
0,07660000	0,02587891	0,00235862
0,07690000	0,02343750	0,00205877
0,07720000	0,01904297	0,00154408
0,07750000	0,01464844	0,00000000
0,07780000	0,00976562	0,00000000
0,07810000	0,00830078	0,00235862
0,07840000	0,00488281	0,00000000
0,07870000	0,00390625	0,00205877
0,07900000	0,00000000	0,00000000
0,07930000	0,00000000	0,00000000
0,07960000	0,00000000	0,00000000
0,07990000	0,00000000	0,00000000
0,08020000	0,00000000	0,00000000
0,08050000	0,00000000	0,00000000
0,08080000	0,00292969	0,00252147
0,08110000	0,00488281	0,00000000
0,08140000	0,00488281	0,00000000
0,08170000	0,00830078	0,00235862
0,08200000	0,00976562	0,00000000
0,08230000	0,01025391	0,00154408
0,08260000	0,01464844	0,00000000
0,08290000	0,01464844	0,00000000
0,08320000	0,01757812	0,00252147
0,08350000	0,01953125	0,00000000
0,08380000	0,01953125	0,00000000
0,08410000	0,01953125	0,00000000
0,08440000	0,01953125	0,00000000
0,08470000	0,01953125	0,00000000
0,08500000	0,01953125	0,00000000
0,08530000	0,01953125	0,00000000
0,08560000	0,01904297	0,00154408
0,08590000	0,01904297	0,00154408
0,08620000	0,01611328	0,00235862
0,08650000	0,01513672	0,00154408
0,08680000	0,01464844	0,00000000
0,08710000	0,01367187	0,00205877
0,08740000	0,00976562	0,00000000
0,08770000	0,00976562	0,00000000
0,08800000	0,00732422	0,00257347
0,08830000	0,00537109	0,00154408
0,08860000	0,00488281	0,00000000
0,08890000	0,00488281	0,00000000
0,08920000	0,00195312	0,00252147
0,08950000	0,00048828	0,00154408
0,08980000	0,00000000	0,00000000
0,09010000	0,00000000	0,00000000
0,09040000	0,00000000	0,00000000
0,09070000	0,00000000	0,00000000
0,09100000	0,00000000	0,00000000
0,09130000	0,00000000	0,00000000
0,09160000	0,00000000	0,00000000
0,09190000	0,00000000	0,00000000
0,09220000	0,00244141	0,00257347
0,09250000	0,00488281	0,00000000
0,09280000	0,00488281	0,00000000
0,09310000	0,00488281	0,00000000
0,09340000	0,00537109	0,00154408
