0.05080000	0.00000000	0.00000000
0.05083200	0.00000000	0.00000000
0.05086400	0.00000000	0.00000000
0.05089600	0.00000000	0.00000000
0.05092800	0.00000000	0.00000000
0.05096000	0.00000000	0.00000000
0.05099200	0.00244141	0.00257347
0.05102400	0.00439453	0.00154408
0.05105600	0.00488281	0.00000000
0.05108800	0.00488281	0.00000000
0.05112000	0.00585937	0.00205877
0.05115200	0.00634766	0.00235862
0.05118400	0.00537109	0.00154408
0.05121600	0.00488281	0.00000000
0.05124800	0.00488281	0.00000000
0.05128000	0.00439453	0.00154408
0.05131200	0.00000000	0.00000000
0.05134400	0.00000000	0.00000000
0.05137600	0.00000000	0.00000000
0.05140800	0.00000000	0.00000000
0.05144000	0.00000000	0.00000000
0.05147200	0.00000000	0.00000000
0.05150400	0.00000000	0.00000000
0.05153600	0.00000000	0.00000000
0.05156800	0.00488281	0.00000000
0.05160000	0.00585937	0.00205877
0.05163200	0.00976562	0.00000000
0.05166400	0.01367187	0.00205877
0.05169600	0.01464844	0.00000000
0.05172800	0.01660156	0.00252147
0.05176000	0.01757812	0.00252147
0.05179200	0.01904297	0.00154408
0.05182400	0.01513672	0.00154408
0.05185600	0.01464844	0.00000000
0.05188800	0.01025391	0.00154408
0.05192000	0.00878906	0.00205877
0.05195200	0.00488281	0.00000000
0.05198400	0.00048828	0.00154408
0.05201600	0.00000000	0.00000000
0.05204800	0.00000000	0.00000000
0.05208000	0.00000000	0.00000000
0.05211200	0.00000000	0.00000000
0.05214400	0.00000000	0.00000000
0.05217600	0.00195312	0.00252147
0.05220800	0.00537109	0.00154408
0.05224000	0.00976562	0.00000000
0.05227200	0.01464844	0.00000000
0.05230400	0.01953125	0.00000000
0.05233600	0.01953125	0.00000000
0.05236800	0.02441406	0.00000000
0.05240000	0.02441406	0.00000000
0.05243200	0.02343750	0.00205877
0.05246400	0.01953125	0.00000000
0.05249600	0.01464844	0.00000000
0.05252800	0.01367187	0.00205877
0.05256000	0.00830078	0.00235862
0.05259200	0.00439453	0.00154408
0.05262400	0.00000000	0.00000000
0.05265600	0.00000000	0.00000000
0.05268800	0.00000000	0.00000000
0.05272000	0.00000000	0.00000000
0.05275200	0.00000000	0.00000000
0.05278400	0.00000000	0.00000000
0.05281600	0.00292969	0.00252147
0.05284800	0.00488281	0.00000000
0.05288000	0.00976562	0.00000000
0.05291200	0.01416016	0.00154408
0.05294400	0.01513672	0.00154408
0.05297600	0.01953125	0.00000000
0.05300800	0.01953125	0.00000000
0.05304000	0.01953125	0.00000000
0.05307200	0.01904297	0.00154408
0.05310400	0.01464844	0.00000000
0.05313600	0.01367187	0.00205877
0.05316800	0.00976562	0.00000000
0.05320000	0.00537109	0.00154408
0.05323200	0.00439453	0.00154408
0.05326400	0.00000000	0.00000000
0.05329600	0.00000000	0.00000000
0.05332800	0.00000000	0.00000000
0.05336000	0.00000000	0.00000000
0.05339200	0.00000000	0.00000000
0.05342400	0.00000000	0.00000000
0.05345600	0.00000000	0.00000000
0.05348800	0.00000000	0.00000000
0.05352000	0.00000000	0.00000000
0.05355200	0.00390625	0.00205877
0.05358400	0.00488281	0.00000000
0.05361600	0.00537109	0.00154408
0.05364800	0.00537109	0.00154408
0.05368000	0.00634766	0.00235862
0.05371200	0.00683594	0.00252147
0.05374400	0.00537109	0.00154408
0.05377600	0.00585937	0.00205877
0.05380800	0.00488281	0.00000000
0.05384000	0.00488281	0.00000000
0.05387200	0.00439453	0.00154408
0.05390400	0.00048828	0.00154408
0.05393600	0.00000000	0.00000000
0.05396800	0.00000000	0.00000000
0.05400000	0.00000000	0.00000000
0.05403200	0.00000000	0.00000000
0.05406400	0.00000000	0.00000000
0.05409600	0.00000000	0.00000000
0.05412800	0.00000000	0.00000000
0.05416000	0.00000000	0.00000000
0.05419200	0.00000000	0.00000000
0.05422400	0.00000000	0.00000000
0.05425600	0.00000000	0.00000000
0.05428800	0.00000000	0.00000000
0.05432000	0.00000000	0.00000000
0.05435200	0.00048828	0.00154408
0.05438400	0.00439453	0.00154408
0.05441600	0.00488281	0.00000000
0.05444800	0.00537109	0.00154408
0.05448000	0.00585937	0.00205877
0.05451200	0.00830078	0.00235862
0.05454400	0.00878906	0.00205877
0.05457600	0.00878906	0.00205877
0.05460800	0.00683594	0.00252147
0.05464000	0.00781250	0.00252147
0.05467200	0.00732422	0.00257347
0.05470400	0.00732422	0.00257347
0.05473600	0.00683594	0.00252147
0.05476800	0.00878906	0.00205877
0.05480000	0.00976562	0.00000000
0.05483200	0.00976562	0.00000000
0.05486400	0.00976562	0.00000000
0.05489600	0.01123047	0.00235862
0.05492800	0.01416016	0.00154408
0.05496000	0.01464844	0.00000000
0.05499200	0.01464844	0.00000000
0.05502400	0.01464844	0.00000000
0.05505600	0.01464844	0.00000000
0.05508800	0.01416016	0.00154408
0.05512000	0.01464844	0.00000000
0.05515200	0.01464844	0.00000000
0.05518400	0.01464844	0.00000000
0.05521600	0.01611328	0.00235862
0.05524800	0.01953125	0.00000000
0.05528000	0.02441406	0.00000000
0.05531200	0.02929687	0.00000000
0.05534400	0.03662109	0.00257347
0.05537600	0.04394531	0.00000000
0.05540800	0.05322266	0.00154408
0.05544000	0.05859375	0.00000000
0.05547200	0.06347656	0.00000000
0.05550400	0.06835937	0.00000000
0.05553600	0.06835937	0.00000000
0.05556800	0.06640625	0.00252147
0.05560000	0.06005859	0.00235862
0.05563200	0.05371094	0.00000000
0.05566400	0.04492187	0.00205877
0.05569600	0.03808594	0.00205877
0.05585600	0.03466797	0.00154408
0.05588800	0.04736328	0.00235862
0.05592000	0.06347656	0.00000000
0.05595200	0.08300781	0.00000000
0.05598400	0.10400391	0.00235862
0.05601600	0.12548828	0.00235862
0.05604800	0.14648437	0.00000000
0.05608000	0.16064453	0.00154408
0.05611200	0.17089844	0.00000000
0.05614400	0.17089844	0.00000000
0.05617600	0.16601562	0.00000000
0.05620800	0.15625000	0.00000000
0.05624000	0.13867187	0.00252147
0.05627200	0.11718750	0.00000000
0.05630400	0.09277344	0.00000000
0.05633600	0.06835937	0.00000000
0.05636800	0.05273437	0.00205877
0.05649600	0.04833984	0.00154408
0.05652800	0.06835937	0.00000000
0.05656000	0.09765625	0.00000000
0.05659200	0.13671875	0.00000000
0.05662400	0.17626953	0.00154408
0.05665600	0.21972656	0.00000000
0.05668800	0.25878906	0.00000000
0.05672000	0.28808594	0.00000000
0.05675200	0.30712891	0.00154408
0.05678400	0.31103516	0.00235862
0.05681600	0.30175781	0.00205877
0.05684800	0.27783203	0.00154408
0.05688000	0.23925781	0.00000000
0.05691200	0.19531250	0.00000000
0.05694400	0.14648437	0.00000000
0.05697600	0.10253906	0.00000000
0.05700800	0.06738281	0.00205877
0.05713600	0.07421875	0.00205877
0.05716800	0.12255859	0.00154408
0.05720000	0.18164062	0.00205877
0.05723200	0.24902344	0.00000000
0.05726400	0.31054687	0.00252147
0.05729600	0.37109375	0.00000000
0.05732800	0.41503906	0.00000000
0.05736000	0.44433594	0.00000000
0.05739200	0.45410156	0.00000000
0.05742400	0.44238281	0.00252147
0.05745600	0.40917969	0.00205877
0.05748800	0.35644531	0.00000000
0.05752000	0.29296875	0.00000000
0.05755200	0.22412109	0.00154408
0.05758400	0.15136719	0.00000000
0.05761600	0.09765625	0.00000000
0.05764800	0.05859375	0.00000000
0.05774400	0.06396484	0.00154408
0.05777600	0.11035156	0.00252147
0.05780800	0.17089844	0.00000000
0.05784000	0.24804687	0.00205877
0.05787200	0.32666016	0.00154408
0.05790400	0.40478516	0.00154408
0.05793600	0.46875000	0.00000000
0.05796800	0.52246094	0.00000000
0.05800000	0.55224609	0.00154408
0.05803200	0.56152344	0.00000000
0.05806400	0.54199219	0.00000000
0.05809600	0.50000000	0.00252147
0.05812800	0.43847656	0.00205877
0.05816000	0.36181641	0.00154408
0.05819200	0.27832031	0.00000000
0.05822400	0.19482422	0.00154408
0.05825600	0.12207031	0.00000000
0.05828800	0.06835937	0.00000000
0.05832000	0.03857422	0.00154408
0.05835200	0.03417969	0.00000000
0.05838400	0.06347656	0.00000000
0.05841600	0.11767578	0.00154408
0.05844800	0.19482422	0.00154408
0.05848000	0.28759766	0.00154408
0.05851200	0.38232422	0.00235862
0.05854400	0.47412109	0.00154408
0.05857600	0.54638672	0.00154408
0.05860800	0.59570312	0.00000000
0.05864000	0.61621094	0.00205877
0.05867200	0.60546875	0.00000000
0.05870400	0.56494141	0.00235862
0.05873600	0.49804687	0.00000000
0.05876800	0.41503906	0.00000000
0.05880000	0.32226562	0.00000000
0.05883200	0.22998047	0.00154408
0.05886400	0.14794922	0.00235862
0.05889600	0.07812500	0.00000000
0.05902400	0.08642578	0.00235862
0.05905600	0.15087891	0.00154408
0.05908800	0.23339844	0.00205877
0.05912000	0.31835937	0.00205877
0.05915200	0.40185547	0.00235862
0.05918400	0.47119141	0.00257347
0.05921600	0.52246094	0.00000000
0.05924800	0.55175781	0.00000000
0.05928000	0.55273437	0.00205877
0.05931200	0.53173828	0.00154408
0.05934400	0.48486328	0.00235862
0.05937600	0.42431641	0.00154408
0.05940800	0.34765625	0.00205877
0.05944000	0.26855469	0.00000000
0.05947200	0.19042969	0.00000000
0.05950400	0.12207031	0.00000000
0.05953600	0.06835937	0.00000000
0.05966400	0.06835937	0.00000000
0.05969600	0.11523437	0.00252147
0.05972800	0.17578125	0.00000000
0.05976000	0.24414062	0.00000000
0.05979200	0.31396484	0.00235862
0.05982400	0.37109375	0.00000000
0.05985600	0.41601562	0.00205877
0.05988800	0.43994141	0.00154408
0.05992000	0.44433594	0.00000000
0.05995200	0.42480469	0.00000000
0.05998400	0.38574219	0.00000000
0.06001600	0.32763672	0.00154408
0.06004800	0.26708984	0.00235862
0.06008000	0.20019531	0.00000000
0.06011200	0.13183594	0.00000000
0.06014400	0.07812500	0.00000000
0.06030400	0.06835937	0.00000000
0.06033600	0.11230469	0.00000000
0.06036800	0.16113281	0.00000000
0.06040000	0.20996094	0.00000000
0.06043200	0.25146484	0.00257347
0.06046400	0.28222656	0.00205877
0.06049600	0.29785156	0.00000000
0.06052800	0.30078125	0.00252147
0.06056000	0.28808594	0.00000000
0.06059200	0.26367187	0.00000000
0.06062400	0.22949219	0.00000000
0.06065600	0.18994141	0.00154408
0.06068800	0.14648437	0.00000000
0.06072000	0.10253906	0.00000000
0.06075200	0.06347656	0.00000000
0.06094400	0.04882812	0.00000000
0.06097600	0.07324219	0.00000000
0.06100800	0.09765625	0.00000000
0.06104000	0.12207031	0.00000000
0.06107200	0.14160156	0.00000000
0.06110400	0.15625000	0.00000000
0.06113600	0.16113281	0.00000000
0.06116800	0.16113281	0.00000000
0.06120000	0.15625000	0.00000000
0.06123200	0.14257812	0.00205877
0.06126400	0.12695312	0.00000000
0.06129600	0.10742187	0.00000000
0.06132800	0.08447266	0.00235862
0.06136000	0.06347656	0.00000000
0.06139200	0.04394531	0.00000000
0.06142400	0.02929687	0.00000000
0.06145600	0.01904297	0.00154408
0.06148800	0.01416016	0.00154408
0.06152000	0.01416016	0.00154408
0.06155200	0.01562500	0.00205877
0.06158400	0.02441406	0.00000000
0.06161600	0.03369141	0.00154408
0.06164800	0.04296875	0.00205877
0.06168000	0.04980469	0.00205877
0.06171200	0.05859375	0.00000000
0.06174400	0.06347656	0.00000000
0.06177600	0.06347656	0.00000000
0.06180800	0.06298828	0.00154408
0.06184000	0.05859375	0.00000000
0.06187200	0.05175781	0.00252147
0.06190400	0.04394531	0.00000000
0.06193600	0.03466797	0.00154408
0.06196800	0.02929687	0.00000000
0.06200000	0.02099609	0.00235862
0.06203200	0.01562500	0.00205877
0.06206400	0.01318359	0.00235862
0.06209600	0.00976562	0.00000000
0.06212800	0.00878906	0.00205877
0.06216000	0.00976562	0.00000000
0.06219200	0.00976562	0.00000000
0.06222400	0.00976562	0.00000000
0.06225600	0.00976562	0.00000000
0.06228800	0.00976562	0.00000000
0.06232000	0.00976562	0.00000000
0.06235200	0.00976562	0.00000000
0.06238400	0.00976562	0.00000000
0.06241600	0.00976562	0.00000000
0.06244800	0.00976562	0.00000000
0.06248000	0.00878906	0.00205877
0.06251200	0.00732422	0.00257347
0.06254400	0.00537109	0.00154408
0.06257600	0.00488281	0.00000000
0.06260800	0.00488281	0.00000000
0.06264000	0.00488281	0.00000000
0.06267200	0.00488281	0.00000000
0.06270400	0.00488281	0.00000000
0.06273600	0.00488281	0.00000000
0.06276800	0.00488281	0.00000000
0.06280000	0.00488281	0.00000000
0.06283200	0.00488281	0.00000000
0.06286400	0.00488281	0.00000000
0.06289600	0.00390625	0.00205877
0.06292800	0.00048828	0.00154408
0.06296000	0.00000000	0.00000000
0.06299200	0.00000000	0.00000000
0.06302400	0.00000000	0.00000000
0.06305600	0.00000000	0.00000000
0.06308800	0.00000000	0.00000000
0.06312000	0.00000000	0.00000000
0.06315200	0.00000000	0.00000000
0.06318400	0.00000000	0.00000000
0.06321600	0.00000000	0.00000000
0.06324800	0.00000000	0.00000000
0.06328000	0.00000000	0.00000000
0.06331200	0.00000000	0.00000000
0.06334400	0.00000000	0.00000000
0.06337600	0.00292969	0.00252147
0.06340800	0.00488281	0.00000000
0.06344000	0.00488281	0.00000000
0.06347200	0.00488281	0.00000000
0.06350400	0.00488281	0.00000000
0.06353600	0.00537109	0.00154408
0.06356800	0.00634766	0.00235862
0.06360000	0.00585937	0.00205877
0.06363200	0.00537109	0.00154408
0.06366400	0.00488281	0.00000000
0.06369600	0.00488281	0.00000000
0.06372800	0.00292969	0.00252147
0.06376000	0.00000000	0.00000000
0.06379200	0.00000000	0.00000000
0.06382400	0.00000000	0.00000000
0.06385600	0.00000000	0.00000000
0.06388800	0.00000000	0.00000000
0.06392000	0.00000000	0.00000000
0.06395200	0.00000000	0.00000000
0.06398400	0.00000000	0.00000000
0.06401600	0.00000000	0.00000000
0.06404800	0.00439453	0.00154408
0.06408000	0.00488281	0.00000000
0.06411200	0.00927734	0.00154408
0.06414400	0.00976562	0.00000000
0.06417600	0.01464844	0.00000000
0.06420800	0.01464844	0.00000000
0.06424000	0.01660156	0.00252147
0.06427200	0.01660156	0.00252147
0.06430400	0.01513672	0.00154408
0.06433600	0.01464844	0.00000000
0.06436800	0.01074219	0.00205877
0.06440000	0.00976562	0.00000000
0.06443200	0.00537109	0.00154408
0.06446400	0.00390625	0.00205877
0.06449600	0.00000000	0.00000000
0.06452800	0.00000000	0.00000000
0.06456000	0.00000000	0.00000000
0.06459200	0.00000000	0.00000000
0.06462400	0.00000000	0.00000000
0.06465600	0.00000000	0.00000000
0.06468800	0.00048828	0.00154408
0.06472000	0.00488281	0.00000000
0.06475200	0.00878906	0.00205877
0.06478400	0.01416016	0.00154408
0.06481600	0.01464844	0.00000000
0.06484800	0.01953125	0.00000000
0.06488000	0.01953125	0.00000000
0.06491200	0.01953125	0.00000000
0.06494400	0.01904297	0.00154408
0.06497600	0.01611328	0.00235862
0.06500800	0.01416016	0.00154408
0.06504000	0.00976562	0.00000000
0.06507200	0.00537109	0.00154408
0.06510400	0.00341797	0.00235862
0.06513600	0.00000000	0.00000000
0.06516800	0.00000000	0.00000000
0.06520000	0.00000000	0.00000000
0.06523200	0.00000000	0.00000000
0.06526400	0.00000000	0.00000000
0.06529600	0.00000000	0.00000000
0.06532800	0.00000000	0.00000000
0.06536000	0.00488281	0.00000000
0.06539200	0.00683594	0.00252147
0.06542400	0.00976562	0.00000000
0.06545600	0.01123047	0.00235862
0.06548800	0.01464844	0.00000000
0.06552000	0.01416016	0.00154408
0.06555200	0.01416016	0.00154408
0.06558400	0.01074219	0.00205877
0.06561600	0.00976562	0.00000000
0.06564800	0.00732422	0.00257347
0.06568000	0.00488281	0.00000000
0.06571200	0.00341797	0.00235862
0.06574400	0.00000000	0.00000000
0.06577600	0.00000000	0.00000000
0.06580800	0.00000000	0.00000000
0.06584000	0.00000000	0.00000000
0.06587200	0.00000000	0.00000000
0.06590400	0.00000000	0.00000000
0.06593600	0.00000000	0.00000000
0.06596800	0.00000000	0.00000000
0.06600000	0.00000000	0.00000000
0.06603200	0.00000000	0.00000000
0.06606400	0.00244141	0.00257347
0.06609600	0.00439453	0.00154408
0.06612800	0.00439453	0.00154408
0.06616000	0.00488281	0.00000000
0.06619200	0.00488281	0.00000000
0.06622400	0.00439453	0.00154408
0.06625600	0.00341797	0.00235862
0.06628800	0.00097656	0.00205877
0.06632000	0.00000000	0.00000000
0.06635200	0.00000000	0.00000000
0.06638400	0.00000000	0.00000000
0.06641600	0.00000000	0.00000000
0.06644800	0.00000000	0.00000000
0.06648000	0.00000000	0.00000000
0.06651200	0.00000000	0.00000000
0.06654400	0.00000000	0.00000000
0.06657600	0.00000000	0.00000000
0.06660800	0.00000000	0.00000000
0.06664000	0.00000000	0.00000000
0.06667200	0.00000000	0.00000000
0.06670400	0.00000000	0.00000000
0.06673600	0.00000000	0.00000000
0.06676800	0.00000000	0.00000000
0.06680000	0.00000000	0.00000000
