0,04370000	0,00000000	0,00000000
0,04385000	0,00000000	0,00000000
0,04400000	0,00000000	0,00000000
0,04415000	0,00439453	0,00154408
0,04430000	0,00488281	0,00000000
0,04445000	0,00537109	0,00154408
0,04460000	0,00537109	0,00154408
0,04475000	0,00488281	0,00000000
0,04490000	0,00146484	0,00235862
0,04505000	0,00000000	0,00000000
0,04520000	0,00000000	0,00000000
0,04535000	0,00000000	0,00000000
0,04550000	0,00000000	0,00000000
0,04565000	0,00000000	0,00000000
0,04580000	0,00000000	0,00000000
0,04595000	0,00000000	0,00000000
0,04610000	0,00000000	0,00000000
0,04625000	0,00000000	0,00000000
0,04640000	0,00000000	0,00000000
0,04655000	0,00000000	0,00000000
0,04670000	0,00000000	0,00000000
0,04685000	0,00000000	0,00000000
0,04700000	0,00000000	0,00000000
0,04715000	0,00000000	0,00000000
0,04730000	0,00000000	0,00000000
0,04745000	0,00000000	0,00000000
0,04760000	0,00000000	0,00000000
0,04775000	0,00000000	0,00000000
0,04790000	0,00000000	0,00000000
0,04805000	0,00000000	0,00000000
0,04820000	0,00439453	0,00154408
0,04835000	0,00634766	0,00235862
0,04850000	0,00976562	0,00000000
0,04865000	0,01416016	0,00154408
0,04880000	0,01464844	0,00000000
0,04895000	0,01464844	0,00000000
0,04910000	0,00976562	0,00000000
0,04925000	0,00488281	0,00000000
0,04940000	0,00000000	0,00000000
0,04955000	0,00000000	0,00000000
0,04970000	0,00000000	0,00000000
0,04985000	0,00000000	0,00000000
0,05000000	0,00488281	0,00000000
0,05015000	0,00976562	0,00000000
0,05030000	0,01953125	0,00000000
0,05045000	0,02685547	0,00257347
0,05060000	0,02978516	0,00154408
0,05075000	0,02929687	0,00000000
0,05090000	0,02636719	0,00252147
0,05105000	0,01904297	0,00154408
0,05120000	0,00976562	0,00000000
0,05135000	0,00488281	0,00000000
0,05150000	0,00000000	0,00000000
0,05165000	0,00000000	0,00000000
0,05180000	0,00000000	0,00000000
0,05195000	0,00000000	0,00000000
0,05210000	0,00000000	0,00000000
0,05225000	0,00390625	0,00205877
0,05240000	0,00439453	0,00154408
0,05255000	0,00341797	0,00235862
0,05270000	0,00097656	0,00205877
0,05285000	0,00000000	0,00000000
0,05300000	0,00000000	0,00000000
0,05315000	0,00000000	0,00000000
0,05330000	0,00000000	0,00000000
0,05345000	0,00000000	0,00000000
0,05360000	0,00000000	0,00000000
0,05375000	0,00000000	0,00000000
0,05390000	0,00000000	0,00000000
0,05405000	0,00976562	0,00000000
0,05420000	0,02441406	0,00000000
0,05435000	0,05175781	0,00252147
0,05450000	0,07861328	0,00154408
0,05465000	0,10742187	0,00000000
0,05480000	0,13085937	0,00205877
0,05495000	0,14160156	0,00000000
0,05510000	0,13574219	0,00205877
0,05525000	0,11230469	0,00000000
0,05540000	0,07519531	0,00252147
0,05555000	0,03808594	0,00205877
0,05570000	0,01220703	0,00257347
0,05585000	0,01416016	0,00154408
0,05600000	0,04931641	0,00154408
0,05615000	0,12207031	0,00000000
0,05630000	0,21972656	0,00000000
0,05645000	0,33203125	0,00000000
0,05660000	0,43505859	0,00154408
0,05675000	0,51269531	0,00000000
0,05690000	0,54638672	0,00154408
0,05705000	0,51269531	0,00000000
0,05720000	0,42480469	0,00000000
0,05735000	0,30761719	0,00000000
0,05750000	0,17480469	0,00205877
0,05765000	0,07275391	0,00154408
0,05780000	0,02929687	0,00000000
0,05795000	0,04931641	0,00154408
0,05810000	0,14648437	0,00000000
0,05825000	0,31250000	0,00000000
0,05840000	0,51757812	0,00000000
0,05855000	0,69824219	0,00000000
0,05870000	0,81591797	0,00154408
0,05885000	0,84960937	0,00000000
0,05900000	0,80175781	0,00205877
0,05915000	0,67529297	0,00235862
0,05930000	0,49804687	0,00000000
0,05945000	0,30664062	0,00205877
0,05960000	0,14648437	0,00000000
0,05975000	0,04882812	0,00000000
0,05990000	0,02539062	0,00205877
0,06005000	0,07324219	0,00000000
0,06020000	0,17578125	0,00000000
0,06035000	0,30761719	0,00000000
0,06050000	0,42919922	0,00154408
0,06065000	0,50927734	0,00235862
0,06080000	0,53710937	0,00000000
0,06095000	0,50732422	0,00154408
0,06110000	0,42968750	0,00000000
0,06125000	0,32226562	0,00000000
0,06140000	0,20996094	0,00000000
0,06155000	0,10742187	0,00000000
0,06170000	0,03515625	0,00205877
0,06185000	0,00488281	0,00000000
0,06200000	0,00976562	0,00000000
0,06215000	0,04345703	0,00154408
0,06230000	0,08300781	0,00000000
0,06245000	0,11718750	0,00000000
0,06260000	0,13720703	0,00154408
0,06275000	0,14160156	0,00000000
0,06290000	0,12695312	0,00000000
0,06305000	0,10253906	0,00000000
0,06320000	0,07177734	0,00235862
0,06335000	0,03906250	0,00000000
0,06350000	0,01562500	0,00205877
0,06365000	0,00341797	0,00235862
0,06380000	0,00000000	0,00000000
0,06395000	0,00000000	0,00000000
0,06410000	0,00439453	0,00154408
0,06425000	0,00781250	0,00252147
0,06440000	0,00976562	0,00000000
0,06455000	0,00976562	0,00000000
0,06470000	0,00976562	0,00000000
0,06485000	0,00830078	0,00235862
0,06500000	0,00488281	0,00000000
0,06515000	0,00195312	0,00252147
0,06530000	0,00000000	0,00000000
0,06545000	0,00000000	0,00000000
0,06560000	0,00000000	0,00000000
0,06575000	0,00000000	0,00000000
0,06590000	0,00000000	0,00000000
0,06605000	0,00000000	0,00000000
0,06620000	0,00488281	0,00000000
0,06635000	0,00976562	0,00000000
0,06650000	0,01953125	0,00000000
0,06665000	0,02441406	0,00000000
0,06680000	0,02929687	0,00000000
0,06695000	0,02929687	0,00000000
0,06710000	0,02880859	0,00154408
0,06725000	0,02294922	0,00235862
0,06740000	0,01464844	0,00000000
0,06755000	0,00634766	0,00235862
0,06770000	0,00000000	0,00000000
0,06785000	0,00000000	0,00000000
0,06800000	0,00000000	0,00000000
0,06815000	0,00000000	0,00000000
0,06830000	0,00488281	0,00000000
0,06845000	0,00927734	0,00154408
0,06860000	0,01464844	0,00000000
0,06875000	0,01464844	0,00000000
0,06890000	0,01464844	0,00000000
0,06905000	0,00976562	0,00000000
0,06920000	0,00585937	0,00205877
0,06935000	0,00097656	0,00205877
0,06950000	0,00000000	0,00000000
0,06965000	0,00000000	0,00000000
0,06980000	0,00000000	0,00000000
0,06995000	0,00000000	0,00000000
0,07010000	0,00000000	0,00000000
0,07025000	0,00000000	0,00000000
0,07040000	0,00000000	0,00000000
0,07055000	0,00000000	0,00000000
0,07070000	0,00048828	0,00154408
0,07085000	0,00000000	0,00000000
0,07100000	0,00000000	0,00000000
0,07115000	0,00000000	0,00000000
0,07130000	0,00000000	0,00000000
0,07145000	0,00000000	0,00000000
0,07160000	0,00000000	0,00000000
0,07175000	0,00000000	0,00000000
0,07190000	0,00000000	0,00000000
0,07205000	0,00000000	0,00000000
0,07220000	0,00000000	0,00000000
0,07235000	0,00000000	0,00000000
0,07250000	0,00000000	0,00000000
0,07265000	0,00488281	0,00000000
0,07280000	0,00585937	0,00205877
0,07295000	0,00732422	0,00257347
0,07310000	0,00537109	0,00154408
0,07325000	0,00488281	0,00000000
0,07340000	0,00195312	0,00252147
0,07355000	0,00000000	0,00000000
0,07370000	0,00000000	0,00000000
