0,04550000	0,00000000	0,00000000
0,04565000	0,00000000	0,00000000
0,04580000	0,00488281	0,00000000
0,04595000	0,01025391	0,00154408
0,04610000	0,01904297	0,00154408
0,04625000	0,02441406	0,00000000
0,04640000	0,02929687	0,00000000
0,04655000	0,02929687	0,00000000
0,04670000	0,02929687	0,00000000
0,04685000	0,02441406	0,00000000
0,04700000	0,01904297	0,00154408
0,04715000	0,01025391	0,00154408
0,04730000	0,00439453	0,00154408
0,04745000	0,00000000	0,00000000
0,04760000	0,00000000	0,00000000
0,04775000	0,00000000	0,00000000
0,04790000	0,00488281	0,00000000
0,04805000	0,00976562	0,00000000
0,04820000	0,01757812	0,00252147
0,04835000	0,02148437	0,00252147
0,04850000	0,02441406	0,00000000
0,04865000	0,02441406	0,00000000
0,04880000	0,01953125	0,00000000
0,04895000	0,01464844	0,00000000
0,04910000	0,00976562	0,00000000
0,04925000	0,00488281	0,00000000
0,04940000	0,00341797	0,00235862
0,04955000	0,00000000	0,00000000
0,04970000	0,00000000	0,00000000
0,04985000	0,00000000	0,00000000
0,05000000	0,00000000	0,00000000
0,05015000	0,00000000	0,00000000
0,05030000	0,00000000	0,00000000
0,05045000	0,00585937	0,00205877
0,05060000	0,01953125	0,00000000
0,05075000	0,03417969	0,00000000
0,05090000	0,05371094	0,00000000
0,05105000	0,07324219	0,00000000
0,05120000	0,09277344	0,00000000
0,05135000	0,10253906	0,00000000
0,05150000	0,10449219	0,00252147
0,05165000	0,09765625	0,00000000
0,05180000	0,08300781	0,00000000
0,05195000	0,06347656	0,00000000
0,05210000	0,03906250	0,00000000
0,05225000	0,01513672	0,00154408
0,05240000	0,00439453	0,00154408
0,05255000	0,00000000	0,00000000
0,05270000	0,00048828	0,00154408
0,05285000	0,01025391	0,00154408
0,05300000	0,02441406	0,00000000
0,05315000	0,03369141	0,00154408
0,05330000	0,03564453	0,00235862
0,05345000	0,03417969	0,00000000
0,05360000	0,02929687	0,00000000
0,05375000	0,01953125	0,00000000
0,05390000	0,01464844	0,00000000
0,05405000	0,00976562	0,00000000
0,05420000	0,00976562	0,00000000
0,05435000	0,01367187	0,00205877
0,05450000	0,01464844	0,00000000
0,05465000	0,01464844	0,00000000
0,05480000	0,00976562	0,00000000
0,05495000	0,00488281	0,00000000
0,05510000	0,00537109	0,00154408
0,05525000	0,02978516	0,00154408
0,05540000	0,09228516	0,00154408
0,05555000	0,20507812	0,00000000
0,05570000	0,37109375	0,00000000
0,05585000	0,58105469	0,00000000
0,05600000	0,81738281	0,00252147
0,05615000	1,04492187	0,00000000
0,05630000	1,23046875	0,00000000
0,05645000	1,34277344	0,00000000
0,05660000	1,35742187	0,00000000
0,05675000	1,25000000	0,00000000
0,05690000	1,02539062	0,00000000
0,05705000	0,72265625	0,00000000
0,05720000	0,41503906	0,00000000
0,05735000	0,16503906	0,00205877
0,05750000	0,03906250	0,00000000
0,05765000	0,09521484	0,00257347
0,05780000	0,33691406	0,00000000
0,05795000	0,74511719	0,00252147
0,05810000	1,31054687	0,00252147
0,05825000	1,97265625	0,00000000
0,05840000	2,61962891	0,00257347
0,05855000	3,13916016	0,00154408
0,05870000	3,42773437	0,00000000
0,05885000	3,45703125	0,00000000
0,05900000	3,23779297	0,00154408
0,05915000	2,78515625	0,00252147
0,05930000	2,20214844	0,00000000
0,05945000	1,56201172	0,00154408
0,05960000	0,95410156	0,00252147
0,05975000	0,46191406	0,00252147
0,05990000	0,15136719	0,00000000
0,06005000	0,02929687	0,00000000
0,06020000	0,10253906	0,00000000
0,06035000	0,31250000	0,00000000
0,06050000	0,60009766	0,00154408
0,06065000	0,88867187	0,00000000
0,06080000	1,11816406	0,00000000
0,06095000	1,25000000	0,00000000
0,06110000	1,27929687	0,00000000
0,06125000	1,20605469	0,00000000
0,06140000	1,04882812	0,00205877
0,06155000	0,83496094	0,00000000
0,06170000	0,60058594	0,00000000
0,06185000	0,38574219	0,00000000
0,06200000	0,22070312	0,00205877
0,06215000	0,10693359	0,00154408
0,06230000	0,03906250	0,00000000
0,06245000	0,00976562	0,00000000
0,06260000	0,00048828	0,00154408
0,06275000	0,00488281	0,00000000
0,06290000	0,00976562	0,00000000
0,06305000	0,01220703	0,00257347
0,06320000	0,01074219	0,00205877
0,06335000	0,00976562	0,00000000
0,06350000	0,00976562	0,00000000
0,06365000	0,01464844	0,00000000
0,06380000	0,02050781	0,00205877
0,06395000	0,02929687	0,00000000
0,06410000	0,03515625	0,00205877
0,06425000	0,03906250	0,00000000
0,06440000	0,03417969	0,00000000
0,06455000	0,02441406	0,00000000
0,06470000	0,01464844	0,00000000
0,06485000	0,00488281	0,00000000
0,06500000	0,00000000	0,00000000
0,06515000	0,00146484	0,00235862
0,06530000	0,01464844	0,00000000
0,06545000	0,03417969	0,00000000
0,06560000	0,05810547	0,00154408
0,06575000	0,07812500	0,00000000
0,06590000	0,09277344	0,00000000
0,06605000	0,10253906	0,00000000
0,06620000	0,10156250	0,00205877
0,06635000	0,08886719	0,00205877
0,06650000	0,07324219	0,00000000
0,06665000	0,05371094	0,00000000
0,06680000	0,03417969	0,00000000
0,06695000	0,01904297	0,00154408
0,06710000	0,00683594	0,00252147
0,06725000	0,00000000	0,00000000
0,06740000	0,00000000	0,00000000
0,06755000	0,00000000	0,00000000
0,06770000	0,00000000	0,00000000
0,06785000	0,00000000	0,00000000
0,06800000	0,00000000	0,00000000
0,06815000	0,00048828	0,00154408
0,06830000	0,00439453	0,00154408
0,06845000	0,00781250	0,00252147
0,06860000	0,01025391	0,00154408
0,06875000	0,01464844	0,00000000
0,06890000	0,01953125	0,00000000
0,06905000	0,01953125	0,00000000
0,06920000	0,01904297	0,00154408
0,06935000	0,01464844	0,00000000
0,06950000	0,00976562	0,00000000
0,06965000	0,00488281	0,00000000
0,06980000	0,00000000	0,00000000
0,06995000	0,00000000	0,00000000
0,07010000	0,00000000	0,00000000
0,07025000	0,00000000	0,00000000
0,07040000	0,00488281	0,00000000
0,07055000	0,00976562	0,00000000
0,07070000	0,01464844	0,00000000
0,07085000	0,01806641	0,00235862
0,07100000	0,01953125	0,00000000
0,07115000	0,01953125	0,00000000
0,07130000	0,01562500	0,00205877
0,07145000	0,01367187	0,00205877
0,07160000	0,00878906	0,00205877
0,07175000	0,00439453	0,00154408
0,07190000	0,00000000	0,00000000
0,07205000	0,00000000	0,00000000
0,07220000	0,00000000	0,00000000
0,07235000	0,00000000	0,00000000
0,07250000	0,00000000	0,00000000
0,07265000	0,00000000	0,00000000
0,07280000	0,00000000	0,00000000
0,07295000	0,00000000	0,00000000
0,07310000	0,00000000	0,00000000
0,07325000	0,00439453	0,00154408
0,07340000	0,00488281	0,00000000
0,07355000	0,00976562	0,00000000
0,07370000	0,01025391	0,00154408
0,07385000	0,01367187	0,00205877
0,07400000	0,01464844	0,00000000
0,07415000	0,01074219	0,00205877
0,07430000	0,00976562	0,00000000
0,07445000	0,00488281	0,00000000
0,07460000	0,00000000	0,00000000
0,07475000	0,00000000	0,00000000
0,07490000	0,00000000	0,00000000
0,07505000	0,00000000	0,00000000
0,07520000	0,00000000	0,00000000
0,07535000	0,00000000	0,00000000
0,07550000	0,00000000	0,00000000
