0,04790000	0,02001953	0,00154408
0,04800000	0,01464844	0,00000000
0,04810000	0,00488281	0,00000000
0,04820000	0,00000000	0,00000000
0,04830000	0,00000000	0,00000000
0,04840000	0,00390625	0,00205877
0,04850000	0,00976562	0,00000000
0,04860000	0,01904297	0,00154408
0,04870000	0,02490234	0,00154408
0,04880000	0,03271484	0,00235862
0,04890000	0,03369141	0,00154408
0,04900000	0,02880859	0,00154408
0,04910000	0,02441406	0,00000000
0,04920000	0,01464844	0,00000000
0,04930000	0,00732422	0,00257347
0,04940000	0,00000000	0,00000000
0,04950000	0,00000000	0,00000000
0,04960000	0,00000000	0,00000000
0,04970000	0,00000000	0,00000000
0,04980000	0,00000000	0,00000000
0,04990000	0,00000000	0,00000000
0,05000000	0,00000000	0,00000000
0,05010000	0,00000000	0,00000000
0,05020000	0,00000000	0,00000000
0,05030000	0,00244141	0,00257347
0,05040000	0,00439453	0,00154408
0,05050000	0,00439453	0,00154408
0,05060000	0,00439453	0,00154408
0,05070000	0,00488281	0,00000000
0,05080000	0,00488281	0,00000000
0,05090000	0,00830078	0,00235862
0,05100000	0,01464844	0,00000000
0,05110000	0,02441406	0,00000000
0,05120000	0,03564453	0,00235862
0,05130000	0,04785156	0,00205877
0,05140000	0,05371094	0,00000000
0,05150000	0,05371094	0,00000000
0,05160000	0,04882812	0,00000000
0,05170000	0,03759766	0,00235862
0,05180000	0,02441406	0,00000000
0,05190000	0,01123047	0,00235862
0,05200000	0,00976562	0,00000000
0,05210000	0,01513672	0,00154408
0,05220000	0,03710937	0,00252147
0,05230000	0,06542969	0,00252147
0,05240000	0,09619141	0,00235862
0,05250000	0,12109375	0,00205877
0,05260000	0,13183594	0,00000000
0,05270000	0,12597656	0,00205877
0,05280000	0,10693359	0,00154408
0,05290000	0,07714844	0,00205877
0,05300000	0,04736328	0,00235862
0,05310000	0,01953125	0,00000000
0,05320000	0,00488281	0,00000000
0,05330000	0,00000000	0,00000000
0,05340000	0,00781250	0,00252147
0,05350000	0,01953125	0,00000000
0,05360000	0,03369141	0,00154408
0,05370000	0,04199219	0,00252147
0,05380000	0,04394531	0,00000000
0,05390000	0,03906250	0,00000000
0,05400000	0,03369141	0,00154408
0,05410000	0,02441406	0,00000000
0,05420000	0,01855469	0,00205877
0,05430000	0,01416016	0,00154408
0,05440000	0,00976562	0,00000000
0,05450000	0,00976562	0,00000000
0,05460000	0,00976562	0,00000000
0,05470000	0,01367187	0,00205877
0,05480000	0,01953125	0,00000000
0,05490000	0,03417969	0,00000000
0,05500000	0,05419922	0,00154408
0,05510000	0,07812500	0,00000000
0,05520000	0,09814453	0,00154408
0,05530000	0,11181641	0,00154408
0,05540000	0,10546875	0,00252147
0,05550000	0,08789062	0,00000000
0,05560000	0,06738281	0,00205877
0,05570000	0,06347656	0,00000000
0,05580000	0,09765625	0,00000000
0,05590000	0,18554687	0,00000000
0,05600000	0,33007812	0,00252147
0,05610000	0,51269531	0,00000000
0,05620000	0,70410156	0,00205877
0,05630000	0,86425781	0,00000000
0,05640000	0,95214844	0,00000000
0,05650000	0,94287109	0,00154408
0,05660000	0,82568359	0,00154408
0,05670000	0,62500000	0,00000000
0,05680000	0,38085937	0,00000000
0,05690000	0,20312500	0,00252147
0,05700000	0,16162109	0,00154408
0,05710000	0,32666016	0,00154408
0,05720000	0,68750000	0,00205877
0,05730000	1,18945312	0,00252147
0,05740000	1,73291016	0,00154408
0,05750000	2,16796875	0,00000000
0,05760000	2,39257812	0,00000000
0,05770000	2,35839844	0,00000000
0,05780000	2,07324219	0,00252147
0,05790000	1,59716797	0,00154408
0,05800000	1,04980469	0,00000000
0,05810000	0,55175781	0,00000000
0,05820000	0,24902344	0,00000000
0,05830000	0,24902344	0,00000000
0,05840000	0,59570312	0,00000000
0,05850000	1,22509766	0,00154408
0,05860000	1,99951172	0,00257347
0,05870000	2,67919922	0,00235862
0,05880000	3,09570312	0,00000000
0,05890000	3,14941406	0,00000000
0,05900000	2,83251953	0,00154408
0,05910000	2,21972656	0,00252147
0,05920000	1,48632812	0,00252147
0,05930000	0,81054687	0,00000000
0,05940000	0,34082031	0,00205877
0,05950000	0,14746094	0,00205877
0,05960000	0,26904297	0,00154408
0,05970000	0,65283203	0,00566163
0,05980000	1,20068359	0,00154408
0,05990000	1,75341797	0,00154408
0,06000000	2,16308594	0,00000000
0,06010000	2,30468750	0,00000000
0,06020000	2,15136719	0,00252147
0,06030000	1,75781250	0,00000000
0,06040000	1,23632812	0,00205877
0,06050000	0,72460937	0,00252147
0,06060000	0,31738281	0,00000000
0,06070000	0,09765625	0,00000000
0,06080000	0,07324219	0,00000000
0,06090000	0,19531250	0,00000000
0,06100000	0,40527344	0,00000000
0,06110000	0,62451172	0,00154408
0,06120000	0,78906250	0,00252147
0,06130000	0,86132812	0,00252147
0,06140000	0,82519531	0,00000000
0,06150000	0,69335937	0,00000000
0,06160000	0,50488281	0,00252147
0,06170000	0,31250000	0,00000000
0,06180000	0,15576172	0,00154408
0,06190000	0,05761719	0,00205877
0,06200000	0,01757812	0,00252147
0,06210000	0,02148437	0,00252147
0,06220000	0,04882812	0,00000000
0,06230000	0,07324219	0,00000000
0,06240000	0,08789062	0,00000000
0,06250000	0,08544922	0,00257347
0,06260000	0,07177734	0,00235862
0,06270000	0,04882812	0,00000000
0,06280000	0,02929687	0,00000000
0,06290000	0,01416016	0,00154408
0,06300000	0,00488281	0,00000000
0,06310000	0,00488281	0,00000000
0,06320000	0,00781250	0,00252147
0,06330000	0,01416016	0,00154408
0,06340000	0,01953125	0,00000000
0,06350000	0,02880859	0,00154408
0,06360000	0,03906250	0,00000000
0,06370000	0,04785156	0,00205877
0,06380000	0,05615234	0,00257347
0,06390000	0,05859375	0,00000000
0,06400000	0,05761719	0,00205877
0,06410000	0,04882812	0,00000000
0,06420000	0,03417969	0,00000000
0,06430000	0,01953125	0,00000000
0,06440000	0,00976562	0,00000000
0,06450000	0,00781250	0,00252147
0,06460000	0,01953125	0,00000000
0,06470000	0,04296875	0,00205877
0,06480000	0,07324219	0,00000000
0,06490000	0,10351562	0,00205877
0,06500000	0,12695312	0,00000000
0,06510000	0,13671875	0,00000000
0,06520000	0,12695312	0,00000000
0,06530000	0,10302734	0,00154408
0,06540000	0,07226562	0,00205877
0,06550000	0,03906250	0,00000000
0,06560000	0,01464844	0,00000000
0,06570000	0,00292969	0,00252147
0,06580000	0,00390625	0,00205877
0,06590000	0,01367187	0,00205877
0,06600000	0,02929687	0,00000000
0,06610000	0,04345703	0,00154408
0,06620000	0,05371094	0,00000000
0,06630000	0,05468750	0,00205877
0,06640000	0,04882812	0,00000000
0,06650000	0,03857422	0,00154408
0,06660000	0,02441406	0,00000000
0,06670000	0,01025391	0,00154408
0,06680000	0,00390625	0,00205877
0,06690000	0,00000000	0,00000000
0,06700000	0,00000000	0,00000000
0,06710000	0,00000000	0,00000000
0,06720000	0,00439453	0,00154408
0,06730000	0,00488281	0,00000000
0,06740000	0,00488281	0,00000000
0,06750000	0,00488281	0,00000000
0,06760000	0,00488281	0,00000000
0,06770000	0,00097656	0,00205877
0,06780000	0,00000000	0,00000000
0,06790000	0,00000000	0,00000000
0,06800000	0,00000000	0,00000000
0,06810000	0,00000000	0,00000000
0,06820000	0,00000000	0,00000000
0,06830000	0,00000000	0,00000000
0,06840000	0,00537109	0,00154408
0,06850000	0,01464844	0,00000000
0,06860000	0,01953125	0,00000000
0,06870000	0,02929687	0,00000000
0,06880000	0,03369141	0,00154408
0,06890000	0,03369141	0,00154408
0,06900000	0,02929687	0,00000000
0,06910000	0,02392578	0,00154408
0,06920000	0,01464844	0,00000000
0,06930000	0,00488281	0,00000000
0,06940000	0,00000000	0,00000000
0,06950000	0,00000000	0,00000000
0,06960000	0,00048828	0,00154408
0,06970000	0,00878906	0,00205877
0,06980000	0,01611328	0,00235862
0,06990000	0,02441406	0,00000000
0,07000000	0,02929687	0,00000000
0,07010000	0,02880859	0,00154408
0,07020000	0,02441406	0,00000000
0,07030000	0,01806641	0,00235862
0,07040000	0,00976562	0,00000000
0,07050000	0,00439453	0,00154408
0,07060000	0,00000000	0,00000000
0,07070000	0,00000000	0,00000000
0,07080000	0,00000000	0,00000000
0,07090000	0,00000000	0,00000000
0,07100000	0,00000000	0,00000000
0,07110000	0,00341797	0,00235862
0,07120000	0,00439453	0,00154408
0,07130000	0,00244141	0,00257347
0,07140000	0,00000000	0,00000000
0,07150000	0,00000000	0,00000000
0,07160000	0,00000000	0,00000000
0,07170000	0,00000000	0,00000000
0,07180000	0,00000000	0,00000000
0,07190000	0,00000000	0,00000000
